4294967278,259
4294967278,417
4294967278,439
4294967279,305
4294967279,316
4294967278,256
4294967278,137
4294967278,88
4294967279,240
15131,2
4294967278,447
4294967294,163
4294967294,182
4294967294,965
15538,6
15538,5
15538,4
15538,3
15538,2
15538,1
4294967294,116
4294967294,453
4294967294,108
4294967278,446
4294967278,374
4294967279,294
15535,6
15535,5
15535,4
15535,3
15535,2
15535,1
4294967279,298
4294967279,292
4294967279,513
4294967278,325
4294967278,254
4294967279,319
4294967294,1421
4294967279,304
4294967294,920
4294967279,297
15532,6
15532,5
15532,4
15532,3
15532,2
15532,1
4294967278,228
4294967279,252
15529,6
15529,5
15529,4
15529,3
15529,2
15529,1
4294967279,536
4294967278,445
4294967279,191
4294967279,535
15526,4
15526,3
15526,2
15526,1
15525,4
15525,3
15525,2
15525,1
4294967278,367
4294967279,181
4294967278,180
4294967278,444
4294967278,442
4294967294,504
15524,5
15524,4
15524,3
15524,2
15524,1
4294967278,165
4294967279,278
15522,5
15522,4
15522,3
15522,2
15522,1
4294967278,155
4294967294,170
4294967294,900
4294967294,419
15520,6
4294967279,368
15520,5
15520,4
15520,3
15520,2
15520,1
4294967294,503
15519,5
15519,4
15519,3
15519,2
15519,1
4294967278,135
4294967294,448
4294967294,404
4294967294,465
4294967294,411
4294967294,112
15518,5
15518,4
15518,3
15518,2
15518,1
4294967279,381
4294967278,440
4294967279,527
4294967278,267
15517,5
15517,4
15517,3
15517,2
15517,1
4294967279,295
4294967278,248
4294967278,244
15131,4
4294967279,320
4294967279,290
4294967279,350
4294967279,359
4294967294,898
4294967278,438
4294967278,272
4294967278,193
4294967278,170
4294967278,271
4294967279,560
4294967278,408
4294967278,297
4294967278,419
4294967278,62
4294967278,61
4294967278,60
4294967278,59
4294967278,58
4294967278,57
4294967278,30
4294967278,28
4294967278,26
4294967278,25
4294967278,18
4294967278,4
4294967279,128
4294967279,109
4294967279,85
4294967279,84
4294967279,75
4294967279,74
4294967279,73
4294967279,70
4294967279,66
4294967279,65
4294967279,59
4294967279,56
4294967279,55
4294967279,50
4294967279,48
4294967279,45
4294967279,88
4294967279,30
4294967279,26
4294967279,20
4294967279,13
4294967278,147
4294967279,145
4294967279,140
4294967278,133
4294967279,355
4294967278,315
4294967278,19
4294967278,268
4294967278,269
4294967278,371
4294967294,919
4294967279,224
4294967279,367
4294967279,365
4294967294,413
4294967278,336
4294967278,433
4294967278,432
4294967279,364
4294967294,502
4294967279,72
4294967278,431
4294967279,67
4294967279,64
4294967278,361
4294967278,171
4294967279,170
4294967278,430
4294967294,501
4294967279,44
4294967279,531
4294967279,160
4294967279,159
4294967279,158
4294967278,157
4294967294,528
4294967294,901
4294967279,150
4294967279,144
4294967278,140
4294967279,271
4294967279,270
4294967279,282
4294967279,264
4294967279,296
4294967278,291
4294967279,259
4294967294,1416
4294967294,400
4294967294,184
4294967294,450
4294967294,469
4294967294,456
4294967278,247
4294967279,156
4294967278,223
4294967279,363
4294967278,356
4294967279,344
4294967278,428
4294967279,313
4294967278,397
4294967278,427
4294967278,425
4294967294,179
4294967294,917
4294967294,964
4294967279,362
4294967279,361
4294967279,155
4294967278,156
4294967278,151
4294967279,146
4294967278,382
4294967278,282
4294967278,334
4294967279,360
4294967278,443
4294967294,1423
4294967279,265
4294967278,264
4294967279,253
4294967278,258
4294967278,280
4294967294,168
4294967294,912
4294967294,109
4294967294,417
4294967279,514
4294967278,362
4294967279,512
4294967294,498
4294967294,162
4294967294,966
4294967279,250
4294967278,246
4294967278,364
4294967279,243
4294967278,238
4294967278,237
4294967278,218
4294967278,370
4294967279,208
4294967278,354
4294967278,357
4294967279,216
4294967279,356
4294967279,203
4294967294,497
4294967279,188
4294967278,182
4294967279,171
4294967278,376
4294967279,358
4294967279,574
4294967279,347
4294967279,273
4294967279,300
4294967278,345
4294967294,412
4294967294,406
4294967294,178
4294967294,110
4294967294,461
4294967294,499
4294967278,391
4294967294,115
4294967278,385
4294967279,266
4294967279,354
4294967278,381
4294967279,293
4294967278,424
4294967279,353
4294967278,423
4294967279,352
4294967279,351
4294967279,236
4294967279,317
4294967278,422
4294967294,961
4294967278,421
4294967278,420
4294967279,211
4294967278,340
4294967278,209
4294967279,206
4294967278,204
4294967278,202
4294967279,325
4294967279,197
4294967278,404
4294967279,195
4294967279,194
4294967279,189
4294967278,191
4294967279,349
4294967279,575
4294967278,185
4294967279,184
4294967278,183
4294967278,181
4294967279,179
4294967278,177
4294967278,418
4294967278,175
4294967279,348
4294967278,279
4294967278,169
4294967278,410
4294967279,166
4294967278,217
4294967279,161
4294967278,159
4294967279,154
4294967278,154
4294967278,142
4294967278,347
4294967278,405
4294967278,369
4294967278,378
4294967278,348
4294967278,343
4294967278,29
4294967278,24
4294967278,23
4294967278,21
4294967278,17
4294967278,16
4294967279,327
4294967279,24
4294967279,11
4294967278,27
4294967279,138
4294967294,496
4294967279,286
4294967279,136
4294967279,17
4294967278,416
4294967278,402
4294967278,398
4294967294,495
4294967279,553
4294967278,321
4294967279,346
4294967279,227
4294967279,223
4294967294,396
4294967294,443
4294967294,415
4294967294,191
4294967294,466
4294967294,462
4294967294,401
4294967279,379
4294967278,341
4294967278,216
4294967294,386
4294967294,188
4294967294,960
4294967279,210
4294967278,211
4294967278,210
4294967279,209
4294967279,207
4294967278,206
4294967279,369
4294967278,351
4294967279,230
4294967279,342
4294967278,196
4294967279,196
4294967278,194
4294967278,229
4294967278,307
4294967279,341
4294967278,379
4294967279,187
4294967278,435
4294967279,566
4294967278,335
4294967279,378
4294967278,401
4294967279,289
4294967279,281
4294967279,2
4294967279,371
4294967279,567
4294967279,91
4294967279,81
4294967279,78
4294967279,77
4294967279,71
4294967279,63
4294967279,62
4294967279,340
4294967279,324
4294967279,339
4294967279,338
4294967278,413
4294967278,394
4294967279,549
4294967278,409
4294967279,165
4294967279,337
4294967279,174
4294967278,163
4294967278,414
4294967278,160
4294967278,339
4294967278,158
4294967278,215
4294967279,334
4294967278,407
4294967279,559
4294967278,333
4294967279,141
4294967279,143
4294967279,218
4294967279,377
4294967279,376
4294967279,279
4294967279,277
4294967278,249
4294967278,342
4294967279,563
4294967279,257
4294967278,326
4294967279,564
4294967279,249
4294967278,250
4294967279,248
4294967278,322
4294967278,240
4294967279,239
4294967278,338
4294967279,237
4294967279,235
4294967279,229
4294967278,234
4294967278,232
4294967278,230
4294967279,321
4294967278,231
4294967278,224
4294967279,556
4294967279,221
4294967278,220
4294967278,406
4294967279,219
4294967279,555
4294967279,212
4294967279,315
4294967278,213
4294967279,213
4294967278,212
4294967278,208
4294967278,205
4294967279,204
4294967294,963
4294967294,916
4294967278,54
4294967278,52
4294967278,51
4294967278,50
4294967278,49
4294967278,43
